%
% Odour data
%
Minimum   = [701, 969, 689, 688, 688, 687, 690, 687, 687, 688, 794, 877];
Quartile1 = [1703, 1971, 1451, 995, 721, 720, 721, 727, 725, 1136, 1590, 1895];
Median    = [2545, 2694, 2169, 1456, 843, 758, 750, 756, 1015, 1559, 2292, 2696];
Quartile3 = [2957, 2951, 2966, 2501, 1376, 1074, 959, 849, 1523, 2450, 2907, 2973];
Maximum   = [3207, 3213, 3226, 3220, 3116, 2583, 2751, 2832, 3213, 3210, 3226, 3173];
